51430
51450
51460
51470
51480
51490
51500
51510
51520
51530
51600
51700
51800
52000
52100
52110
52120
52130
52140
52150
52160
52170
52190
52200
52210
52220
52230
52240
52250
52260
52270
52290
52300
52310
52320
52330
52340
52360
52370
52400
52410
52500
52600
52700
52800
53000
53100
53110
53120
53140
53150
53160
53170
53190
53200
53210
53220
53230
53240
53250
53260
53270
53290
53300
53320
53340
53350
53360
53370
53380
53390
53400
53410
53420
53440
53470
53480
53500
53540
53600
53640
53700
53800
53810
53940
53950
53960
53970
54000
54100
54110
54111
54112
54113
54114
54115
54116
54118
54119
54120
54121
54122
54123
54129
54130
54134
54135
54136
54140
54150
54160
54170
54180
54190
54200
54210
54220
54230
54240
54250
54260
54270
54280
54290
54300
54310
54320
54330
54340
54350
54360
54370
54380
54385
54390
54400
54410
54420
54425
54430
54440
54450
54460
54470
54480
54490
54500
54510
54520
54530
54540
54550
54560
54570
54580
54590
54600
54610
54620
54630
54640
54650
54660
54670
54680
54690
54700
54710
54720
54730
54740
54750
54760
54770
54780
54790
54800
54810
54820
54830
54840
54850
54860
54870
54880
54890
54910
54920
54930
54940
54950
54960
54970
54980
54990
55000
55100
55110
55120
55130
55140
55150
55160
55170
55190
55200
55210
55220
55230
55240
55250
55260
55270
55290
55300
55310
55320
55400
55430
55500
55600
55700
55800
55840
56000
56100
56110
56120
56130
56140
56150
56160
56170
56190
56200
56220
56230
56240
56250
56260
56270
56290
56300
56310
56320
56330
56340
56350
56360
56370
56380
56390
56400
56410
56420
56430
56440
56450
56460
56470
56480
56490
56500
56510
56520
56530
56540
56550
56560
56570
56580
56590
56600
56610
56620
56630
56640
56650
56660
56670
56680
56690
56700
56730
56740
56750
56760
56770
56780
56800
56840
56850
56860
56870
56880
56890
56910
56920
56930
56950
57000
57050
57070
57100
57120
57130
57140
57150
57155
57160
57170
57175
57180
57185
57190
57200
57220
57230
57240
57245
57250
57255
57260
57270
57280
57290
57300
57310
57320
57330
57340
57350
57360
57365
57370
57380
57385
57390
57400
57405
57410
57412
57415
57420
57430
57440
57445
57450
57455
57460
57470
57480
57490
57500
57510
57515
57520
57525
57530
57535
57540
57550
57560
57565
57570
57580
57590
57600
57620
57630
57635
57640
57645
57650
57655
57660
57670
57680
57685
57690
57700
57710
57720
57730
57740
57770
57780
57790
57800
57810
57815
57820
57830
57840
57850
57855
57860
57865
57870
57880
57890
57905
57910
57915
57920
57925
57930
57935
57940
57950
57960
57970
57980
57990
58000
58110
58120
58130
58140
58150
58160
58170
58180
58190
58200
58210
58220
58230
58240
58250
58260
58270
58290
58300
58310
58320
58330
58340
58350
58360
58370
58380
58390
58400
58410
58420
58430
58440
58450
58460
58470
58490
58500
58530
58600
58640
58660
58700
58800
59000
59100
59110
59111
59112
59113
59114
59115
59116
59117
59118
59119
59120
59121
59122
59123
59124
59125
59126
59127
59128
59129
59130
59131
59132
59133
59134
59135
59136
59137
59138
59139
59140
59141
59142
59143
59144
59145
59146
59147
59148
59149
59150
59151
59152
59153
59154
59155
59156
59157
59158
59159
59160
59161
59162
59163
59164
59165
59166
59167
59168
59169
59170
59171
59172
59173
59174
59175
59176
59177
59178
59179
59180
59181
59182
59184
59185
59186
59187
59188
59189
59190
59191
59192
59193
59194
59195
59198
59199
59200
59210
59211
59212
59213
59214
59215
59216
59217
59218
59219
59220
59221
59222
59223
59224
59225
59226
59227
59229
59230
59231
59232
59233
59234
59235
59236
59237
59238
59239
59240
59241
59242
59243
59244
59245
59246
59247
59249
59250
59251
59252
59253
59254
59255
59258
59259
59260
59261
59262
59263
59264
59265
59266
59267
59268
59269
59270
59271
59272
59273
59274
59277
59278
59279
59280
59281
59282
59283
59284
59285
59286
59287
59288
59290
59292
59293
59294
59295
59296
59297
59299
59300
59310
59320
59330
59350
59360
59370
59380
59390
59400
59410
59420
59430
59440
59450
59460
59470
59480
59490
59491
59492
59493
59494
59495
59496
59500
59510
59520
59530
59540
59550
59551
59552
59553
59554
59560
59570
59580
59590
59600
59610
59620
59630
59640
59650
59660
59670
59680
59690
59700
59710
59720
59730
59740
59750
59760
59770
59777
59780
59790
59800
59810
59820
59830
59840
59850
59860
59870
59880
59890
59910
59920
59930
59940
59950
59960
59970
59980
59990
60000
60100
60110
60112
60113
60117
60119
60120
60123
60126
60127
60128
60129
60130
60134
60138
60140
60141
60149
60150
60153
60155
60157
60160
60162
60170
60173
60175
60180
60190
60200
60210
60220
60230
60240
60250
60260
60270
60280
60290
60300
60310
60320
60330
60340
60350
60360
60370
60380
60390
60400
60410
60420
60430
60440
60460
60480
60490
60500
60510
60520
60530
60540
60550
60560
60570
60580
60590
60600
60610
60620
60640
60650
60660
60680
60690
60700
60710
60730
60740
60750
60790
60800
60810
60820
60840
60850
60860
60870
60880
60890
60930
60940
60950
60960
61000
61100
61110
61120
61130
61140
61150
61160
61170
61190
61200
61210
61220
61230
61240
61250
61260
61270
61290
61300
61310
61320
61330
61340
61350
61360
61370
61380
61390
61400
61410
61420
61430
61440
61450
61470
61490
61500
61550
61560
61570
61600
61700
61790
61800
62000
62100
62110
62111
62112
62113
62114
62116
62117
62118
62119
62120
62121
62122
62123
62124
62126
62127
62128
62129
62130
62131
62132
62134
62136
62137
62138
62140
62141
62142
62143
62144
62145
62147
62149
62150
62151
62152
62153
62155
62156
62157
62158
62159
62160
62161
62162
62164
62170
62172
62173
62175
62176
62179
62180
62182
62185
62187
62190
62196
62199
62200
62210
62215
62217
62218
62219
62220
62221
62223
62224
62230
62231
62232
62240
62250
62260
62270
62280
62290
62300
62310
62320
62330
62340
62350
62360
62370
62380
62390
62400
62410
62420
62430
62440
62450
62460
62470
62480
62490
62500
62510
62520
62530
62540
62550
62560
62570
62575
62580
62590
62600
62610
62620
62630
62640
62650
62660
62670
62680
62690
62700
62710
62720
62730
62740
62750
62760
62770
62780
62790
62800
62810
62820
62830
62840
62850
62860
62870
62880
62890
62910
62920
62930
62940
62950
62960
62970
62980
62990
63000
