33970
33980
33990
34000
34070
34080
34090
34110
34120
34130
34140
34150
34160
34170
34190
34200
34210
34220
34230
34240
34250
34260
34270
34280
34290
34300
34310
34320
34330
34340
34350
34360
34370
34380
34390
34400
34410
34420
34430
34440
34450
34460
34470
34480
34490
34500
34510
34520
34530
34540
34550
34560
34570
34590
34600
34610
34620
34630
34650
34660
34670
34680
34690
34700
34710
34720
34725
34730
34740
34750
34760
34770
34790
34800
34810
34820
34830
34850
34880
34920
34970
34980
34990
35000
35111
35113
35114
35120
35130
35131
35132
35133
35134
35135
35136
35137
35140
35150
35160
35170
35190
35200
35210
35220
35230
35235
35240
35250
35260
35270
35290
35300
35310
35320
35330
35340
35350
35360
35370
35380
35390
35400
35410
35420
35430
35440
35450
35460
35470
35480
35490
35500
35510
35520
35530
35540
35550
35560
35580
35590
35600
35610
35620
35630
35640
35650
35660
35680
35690
35700
35720
35730
35740
35750
35760
35770
35780
35800
35830
35850
35870
35890
35960
36000
36100
36110
36120
36130
36140
36150
36160
36170
36180
36190
36200
36210
36220
36230
36240
36250
36260
36270
36290
36300
36310
36320
36330
36340
36350
36360
36370
36400
36500
36600
36700
36800
37000
37100
37110
37120
37130
37140
37150
37160
37170
37190
37200
37210
37220
37230
37240
37250
37260
37270
37290
37300
37310
37320
37330
37340
37350
37360
37370
37380
37390
37400
37420
37460
37500
37510
37520
37530
37540
37550
37600
37700
37800
38000
38070
38080
38090
38100
38110
38112
38113
38114
38118
38119
38120
38121
38122
38130
38134
38138
38140
38142
38144
38150
38160
38170
38180
38190
38200
38210
38220
38230
38240
38250
38260
38270
38280
38290
38300
38320
38330
38340
38350
38360
38370
38380
38390
38400
38410
38420
38430
38440
38450
38460
38470
38480
38490
38500
38510
38520
38530
38540
38550
38560
38570
38580
38590
38600
38610
38620
38630
38640
38650
38660
38670
38680
38690
38700
38710
38730
38740
38750
38760
38770
38780
38790
38800
38830
38840
38850
38860
38870
38880
38890
38920
38930
38940
38950
38960
38970
38980
39000
39100
39110
39120
39130
39140
39150
39160
39170
39190
39200
39210
39220
39230
39240
39250
39260
39270
39290
39300
39310
39320
39330
39350
39360
39370
39380
39400
39410
39460
39500
39520
39570
39600
39700
39800
40000
40090
40100
40110
40120
40130
40140
40150
40160
40170
40180
40190
40200
40210
40220
40230
40240
40250
40260
40270
40280
40290
40300
40310
40320
40330
40350
40360
40370
40380
40390
40400
40410
40420
40430
40440
40460
40465
40480
40500
40510
40530
40550
40560
40600
40630
40660
40700
40800
40990
41000
41100
41110
41120
41130
41140
41150
41160
41170
41190
41200
41210
41220
41230
41240
41250
41260
41270
41290
41300
41310
41320
41330
41350
41360
41370
41400
41500
41600
41700
41800
42000
42100
42110
42111
42114
42120
42122
42123
42130
42131
42140
42150
42152
42153
42155
42160
42170
42190
42210
42220
42230
42240
42260
42270
42290
42300
42310
42320
42330
42340
42350
42360
42370
42380
42390
42400
42410
42420
42430
42440
42450
42460
42470
42480
42490
42500
42510
42520
42530
42540
42550
42560
42570
42580
42590
42600
42610
42620
42630
42640
42650
42660
42670
42680
42700
42720
42740
42750
42780
42800
42810
42820
42830
42840
42890
42920
42940
42990
43000
43100
43110
43120
43130
43140
43150
43160
43170
43190
43200
43210
43220
43230
43240
43250
43260
43270
43290
43300
43320
43330
43340
43350
43360
43370
43380
43390
43400
43410
43420
43430
43440
43450
43490
43500
43510
43520
43530
43550
43580
43590
43600
43620
43700
43750
43770
43800
43810
44000
44100
44110
44115
44116
44117
44118
44119
44120
44130
44140
44150
44160
44170
44190
44200
44210
44220
44230
44240
44250
44260
44270
44290
44300
44310
44320
44330
44340
44350
44360
44370
44380
44390
44400
44410
44420
44430
44440
44450
44460
44470
44480
44490
44500
44510
44520
44521
44522
44530
44540
44550
44560
44570
44580
44590
44600
44610
44620
44630
44640
44650
44660
44670
44680
44690
44700
44710
44720
44730
44740
44750
44760
44770
44780
44800
44810
44830
44840
44850
44860
44880
44980
45000
45100
45110
45120
45130
45140
45150
45160
45170
45190
45200
45210
45220
45230
45240
45250
45260
45270
45290
45300
45310
45320
45330
45340
45360
45370
45380
45390
45400
45410
45420
45430
45450
45460
45470
45480
45490
45500
45510
45520
45530
45550
45560
45570
45590
45600
45620
45630
45640
45650
45680
45700
45720
45730
45740
45750
45760
45770
45800
46000
46090
46100
46110
46120
46130
46140
46150
46160
46170
46190
46200
46210
46220
46230
46240
46250
46260
46270
46300
46310
46320
46330
46340
46350
46360
46400
46500
46600
46700
46800
47000
47110
47120
47130
47140
47150
47160
47170
47180
47190
47200
47210
47220
47230
47240
47250
47260
47270
47290
47300
47310
47320
47330
47340
47350
47360
47370
47380
47390
47400
47410
47420
47430
47440
47450
47470
47480
47500
47510
47520
47550
47600
47700
47800
48000
48100
48110
48120
48130
48140
48150
48160
48170
48190
48200
48210
48220
48230
48240
48250
48260
48270
48300
48310
48320
48330
48340
48370
48400
48500
48600
48700
48800
49000
49070
49080
49100
49110
49112
49120
49122
49123
49124
49125
49130
49140
49150
49160
49170
49190
49220
49230
49240
49250
49260
49270
49280
49290
49300
49310
49320
49330
49340
49350
49360
49370
49380
49390
49400
49410
49420
49430
49440
49450
49460
49480
49490
49500
49510
49520
49530
49540
49560
49570
49590
49600
49610
49620
49630
49640
49650
49660
49670
49680
49690
49700
49710
49730
49740
49750
49770
49800
50000
50100
50110
50120
50130
50140
50150
50160
50170
50180
50190
50200
50210
50220
50230
50240
50250
50260
50270
50290
50300
50310
50320
50330
50340
50350
50360
50370
50380
50390
50400
50410
50420
50430
50440
50450
50460
50470
50480
50490
50500
50510
50520
50530
50540
50550
50560
50570
50580
50590
50600
50610
50620
50630
50640
50660
50670
50680
50690
50700
50710
50720
50730
50740
50750
50760
50770
50800
50810
50840
50850
50860
50870
50880
50890
51000
51100
51110
51120
51130
51140
51150
51160
51170
51190
51200
51210
51220
51230
51240
51250
51260
51270
51290
51300
51310
51320
51330
51340
51350
51360
51370
51380
51390
51400
51420
