63100
63110
63111
63112
63113
63114
63115
63116
63117
63118
63119
63120
63122
63130
63140
63150
63160
63170
63190
63200
63210
63220
63230
63240
63250
63260
63270
63290
63300
63310
63320
63330
63340
63350
63360
63370
63380
63390
63400
63410
63420
63430
63440
63450
63460
63470
63480
63490
63500
63510
63520
63530
63540
63550
63560
63570
63580
63590
63600
63610
63620
63630
63640
63650
63660
63670
63680
63690
63700
63710
63720
63730
63740
63750
63760
63770
63780
63790
63800
63810
63820
63830
63840
63850
63870
63880
63890
63910
63920
63930
63940
63950
63960
63970
63980
63990
64000
64100
64110
64120
64121
64122
64130
64140
64150
64160
64170
64190
64200
64210
64220
64230
64240
64250
64260
64270
64290
64300
64310
64320
64330
64340
64350
64360
64370
64390
64400
64410
64420
64430
64440
64450
64460
64470
64480
64490
64500
64510
64520
64530
64560
64570
64600
64640
64660
64680
64700
64780
64800
64870
64990
65000
65100
65110
65120
65130
65140
65150
65170
65190
65200
65220
65230
65240
65250
65260
65270
65290
65300
65310
65320
65330
65350
65360
65370
65380
65390
65400
65410
65420
65430
65440
65460
65490
65500
65510
65560
65590
65600
65660
65670
65690
65700
65710
65800
66000
66100
66110
66120
66130
66140
66150
66160
66170
66180
66190
66200
66210
66220
66230
66240
66250
66260
66270
66280
66290
66300
66310
66320
66330
66340
66350
66360
66370
66380
66390
66400
66410
66420
66430
66440
66450
66460
66470
66480
66490
66500
66510
66530
66540
66550
66560
66570
66600
66610
66620
66650
66660
66670
66680
66690
66700
66720
66730
66740
66750
66760
66800
66820
67000
67100
67110
67112
67113
67114
67115
67116
67117
67118
67120
67130
67140
67150
67160
67170
67190
67200
67201
67202
67203
67204
67205
67206
67207
67210
67220
67230
67240
67250
67260
67270
67280
67290
67300
67310
67320
67330
67340
67350
67360
67370
67380
67390
67400
67410
67420
67430
67440
67450
67460
67470
67480
67490
67500
67510
67520
67530
67540
67550
67560
67570
67580
67590
67600
67610
67620
67630
67640
67650
67660
67670
67680
67690
67700
67710
67720
67730
67750
67760
67770
67790
67800
67810
67820
67840
67850
67860
67870
67880
67920
67930
67960
67970
67980
67990
68000
68040
68100
68110
68116
68118
68120
68121
68124
68125
68126
68127
68128
68130
68140
68150
68160
68170
68180
68190
68200
68210
68220
68230
68240
68250
68260
68270
68280
68290
68300
68310
68320
68330
68340
68350
68360
68370
68380
68390
68400
68410
68420
68440
68460
68470
68480
68490
68500
68510
68520
68530
68540
68550
68560
68570
68580
68590
68600
68610
68620
68630
68640
68650
68660
68680
68690
68700
68720
68730
68740
68750
68760
68770
68780
68790
68800
68820
68830
68840
68850
68870
68890
68910
68920
68950
68960
68970
68980
68990
69001
69002
69003
69004
69005
69006
69007
69008
69009
69100
69110
69115
69120
69124
69125
69126
69130
69140
69150
69160
69170
69190
69200
69210
69220
69230
69240
69250
69260
69270
69280
69290
69300
69310
69320
69330
69340
69350
69360
69370
69380
69390
69400
69410
69420
69430
69440
69450
69460
69470
69480
69490
69500
69510
69520
69530
69540
69550
69560
69570
69580
69590
69600
69610
69620
69630
69640
69650
69660
69670
69680
69690
69700
69720
69730
69740
69760
69770
69780
69790
69800
69820
69830
69840
69850
69860
69870
69890
69910
69930
69960
69970
70000
70100
70110
70120
70130
70140
70150
70160
70170
70180
70190
70200
70210
70220
70230
70240
70250
70270
70280
70290
70300
70310
70320
70360
70400
70440
70500
70600
70700
70800
71000
71100
71110
71118
71120
71130
71140
71150
71160
71170
71190
71200
71210
71220
71230
71240
71250
71260
71270
71290
71300
71310
71320
71330
71340
71350
71360
71370
71380
71390
71400
71410
71420
71430
71440
71450
71460
71470
71480
71490
71500
71510
71520
71530
71540
71550
71570
71580
71590
71600
71620
71640
71670
71680
71700
71710
71740
71760
71800
71850
71870
71880
71960
71990
72000
72100
72110
72120
72130
72140
72150
72160
72170
72190
72200
72210
72220
72230
72240
72250
72260
72270
72290
72300
72310
72320
72330
72340
72350
72360
72370
72380
72390
72400
72430
72440
72450
72460
72470
72500
72510
72530
72540
72550
72560
72600
72610
72650
72700
72800
73000
73100
73110
73120
73130
73140
73150
73160
73170
73190
73200
73210
73220
73230
73240
73250
73260
73270
73290
73300
73310
73320
73330
73340
73350
73360
73370
73390
73400
73410
73420
73440
73450
73460
73470
73480
73490
73500
73520
73530
73540
73550
73570
73590
73600
73610
73620
73630
73640
73660
73670
73700
73710
73720
73730
73790
73800
73870
74000
74100
74110
74120
74130
74140
74150
74160
74170
74190
74200
74210
74220
74230
74240
74250
74260
74270
74290
74300
74310
74320
74330
74340
74350
74360
74370
74380
74390
74400
74410
74420
74430
74440
74450
74460
74470
74480
74490
74500
74520
74540
74550
74560
74570
74580
74600
74650
74660
74700
74740
74800
74890
74910
74920
74930
74940
74950
74960
74970
75001
75002
75003
75004
75005
75006
75007
75008
75009
75010
75011
75012
75013
75014
75015
75016
75017
75018
75019
75020
75116
76000
76100
76110
76111
76113
76116
76117
76119
76120
76130
76133
76140
76150
76160
76170
76190
76200
76210
76220
76230
76240
76250
76260
76270
76280
76290
76300
76310
76320
76330
76340
76350
76360
76370
76380
76390
76400
76410
76420
76430
76440
76450
76460
76470
76480
76490
76500
76510
76520
76530
76540
76550
76560
76570
76580
76590
76600
76610
76620
76630
76640
76650
76660
76680
76690
76700
76710
76720
76730
76740
76750
76760
76770
76780
76790
76800
76810
76840
76850
76860
76870
76880
76890
76910
76920
76930
76940
76950
76960
76970
76980
77000
77090
77100
77111
77114
77115
77118
77120
77122
77123
77124
77126
77127
77130
77131
77133
77134
77135
77138
77139
77140
77141
77144
77145
77148
77150
77151
77154
77157
77160
77163
77164
77165
77166
77167
77169
77170
77171
77173
77174
77176
77177
77178
77181
77183
77184
77185
77186
77190
77200
77210
77220
77230
77240
77250
77260
77270
77280
77290
77300
77310
77320
77330
77340
77350
77360
77370
77380
77390
77400
77410
77420
77430
77440
77450
77460
77470
77480
77500
77510
77515
77520
77540
77550
77560
77570
77580
77590
77600
77610
77620
77630
77640
