77650
77660
77670
77680
77690
77700
77710
77720
77730
77750
77760
77780
77810
77820
77830
77840
77850
77860
77870
77880
77890
77910
77920
77930
77940
77950
77970
77990
78000
78100
78110
78111
78112
78113
78114
78117
78120
78121
78124
78125
78126
78130
78140
78150
78160
78170
78180
78190
78200
78210
78220
78230
78240
78250
78260
78270
78280
78290
78300
78310
78320
78330
78340
78350
78360
78370
78380
78390
78400
78410
78420
78430
78440
78450
78460
78470
78480
78490
78500
78510
78520
78530
78540
78550
78560
78570
78580
78590
78600
78610
78620
78630
78640
78650
78660
78670
78680
78690
78700
78710
78711
78720
78730
78740
78750
78760
78770
78780
78790
78800
78810
78820
78830
78840
78850
78860
78870
78890
78910
78920
78930
78940
78950
78955
78960
78970
78980
78990
79000
79100
79110
79120
79130
79140
79150
79160
79170
79180
79190
79200
79210
79220
79230
79240
79250
79260
79270
79290
79300
79310
79320
79330
79340
79350
79360
79370
79380
79390
79400
79410
79420
79430
79440
79450
79460
79500
79510
79600
79700
79800
80000
80080
80090
80100
80110
80115
80118
80120
80122
80130
80131
80132
80134
80135
80136
80140
80150
80160
80170
80190
80200
80210
80220
80230
80240
80250
80260
80270
80290
80300
80310
80320
80330
80340
80350
80360
80370
80390
80400
80410
80420
80430
80440
80450
80460
80470
80480
80490
80500
80510
80520
80540
80550
80560
80570
80580
80600
80610
80620
80630
80640
80650
80670
80680
80690
80700
80710
80740
80750
80770
80780
80800
80820
80830
80850
80860
80870
80880
80890
80910
80960
80970
80980
81000
81090
81100
81110
81120
81130
81140
81150
81160
81170
81190
81200
81210
81220
81230
81240
81250
81260
81270
81290
81300
81310
81320
81330
81340
81350
81360
81370
81380
81390
81400
81430
81440
81450
81470
81490
81500
81530
81540
81570
81580
81600
81630
81640
81660
81700
81710
81800
81990
82000
82100
82110
82120
82130
82140
82150
82160
82170
82190
82200
82210
82220
82230
82240
82250
82270
82290
82300
82330
82340
82350
82360
82370
82390
82400
82410
82440
82500
82600
82700
82710
82800
83000
83100
83110
83111
83119
83120
83130
83131
83136
83140
83143
83149
83150
83160
83170
83190
83200
83210
83220
83230
83240
83250
83260
83270
83300
83310
83320
83330
83340
83350
83370
83380
83390
83400
83420
83430
83440
83460
83470
83480
83490
83500
83510
83520
83530
83550
83560
83570
83580
83590
83600
83610
83630
83640
83660
83670
83680
83690
83700
83720
83740
83780
83790
83820
83830
83840
83860
83870
83890
83910
83920
83980
83990
84000
84100
84110
84120
84130
84140
84150
84160
84170
84190
84200
84210
84220
84230
84240
84250
84260
84270
84290
84300
84310
84320
84330
84340
84350
84360
84370
84380
84390
84400
84410
84420
84430
84440
84450
84460
84470
84480
84490
84500
84510
84530
84550
84560
84570
84580
84600
84660
84700
84740
84750
84760
84800
84810
84820
84830
84840
84850
84860
84870
85000
85100
85110
85120
85130
85140
85150
85160
85170
85180
85190
85200
85210
85220
85230
85240
85250
85260
85270
85280
85290
85300
85310
85320
85330
85340
85350
85360
85370
85390
85400
85410
85420
85430
85440
85450
85460
85470
85480
85490
85500
85510
85520
85530
85540
85550
85560
85570
85580
85590
85600
85610
85620
85630
85640
85660
85670
85680
85690
85700
85710
85740
85750
85770
85800
86000
86100
86110
86120
86130
86140
86150
86160
86170
86180
86190
86200
86210
86220
86230
86240
86250
86260
86270
86280
86290
86300
86310
86320
86330
86340
86350
86360
86370
86380
86390
86400
86410
86420
86430
86440
86450
86460
86470
86480
86490
86500
86510
86530
86540
86550
86580
86600
86700
86800
87000
87100
87110
87120
87130
87140
87150
87160
87170
87190
87200
87210
87220
87230
87240
87250
87260
87270
87280
87290
87300
87310
87320
87330
87340
87350
87360
87370
87380
87400
87410
87420
87430
87440
87460
87470
87480
87500
87510
87520
87570
87590
87600
87620
87640
87700
87720
87800
87890
87920
88000
88100
88110
88120
88130
88140
88150
88160
88170
88190
88200
88210
88220
88230
88240
88250
88260
88270
88290
88300
88310
88320
88330
88340
88350
88360
88370
88380
88390
88400
88410
88420
88430
88440
88450
88460
88470
88480
88490
88500
88510
88520
88530
88540
88550
88560
88580
88600
88630
88640
88650
88700
88800
89000
89100
89110
89113
89116
89120
89130
89140
89144
89150
89160
89170
89190
89200
89210
89220
89230
89240
89250
89260
89270
89290
89300
89310
89320
89330
89340
89350
89360
89380
89390
89400
89410
89420
89430
89440
89450
89460
89470
89480
89500
89510
89520
89530
89550
89560
89570
89580
89600
89630
89660
89690
89700
89710
89740
89770
89800
90000
90100
90110
90120
90130
90140
90150
90160
90170
90200
90300
90330
90340
90350
90360
90370
90380
90400
90500
90600
90700
90800
90850
91000
91070
91080
91090
91100
91120
91130
91140
91150
91160
91170
91180
91190
91200
91210
91220
91230
91240
91250
91260
91270
91280
91290
91300
91310
91320
91330
91340
91350
91360
91370
91380
91390
91400
91410
91420
91430
91440
91450
91460
91470
91480
91490
91510
91520
91530
91540
91550
91560
91570
91580
91590
91600
91610
91620
91630
91640
91650
91660
91670
91680
91690
91700
91710
91720
91730
91740
91750
91760
91770
91780
91790
91800
91810
91820
91830
91840
91850
91860
91870
91880
91890
91910
91930
91940
92000
92100
92110
92120
92130
92140
92150
92160
92170
92190
92200
92210
92220
92230
92240
92250
92260
92270
92290
92300
92310
92320
92330
92340
92350
92360
92370
92380
92390
92400
92410
92420
92430
92500
92600
92700
92800
93000
93100
93110
93120
93130
93140
93150
93160
93170
93190
93200
93210
93220
93230
93240
93250
93260
93270
93290
93300
93310
93320
93330
93340
93350
93360
93370
93380
93390
93400
93410
93420
93430
93440
93450
93460
93470
93500
93600
93700
93800
94000
94100
94110
94120
94130
94140
94150
94160
94170
94190
94200
94210
94220
94230
94240
94250
94260
94270
94290
94300
94310
94320
94340
94350
94360
94370
94380
94390
94400
94410
94420
94430
94440
94450
94460
94470
94480
94490
94500
94510
94520
94550
94600
94700
94800
94880
95000
95100
95110
95120
95130
95140
95150
95160
95170
95180
95190
95200
95210
95220
95230
95240
95250
95260
95270
95280
95290
95300
95310
95320
95330
