01000
01090
01100
01110
01120
01130
01140
01150
01160
01170
01190
01200
01210
01220
01230
01240
01250
01260
01270
01280
01290
01300
01310
01320
01330
01340
01350
01360
01370
01380
01390
01400
01410
01420
01430
01440
01450
01460
01470
01480
01500
01510
01540
01550
01560
01570
01580
01590
01600
01630
01640
01660
01680
01700
01710
01750
01800
01851
01960
01990
02000
02100
02110
02120
02130
02140
02150
02160
02170
02190
02200
02210
02220
02230
02240
02250
02260
02270
02290
02300
02310
02320
02330
02340
02350
02360
02370
02380
02390
02400
02410
02420
02430
02440
02450
02460
02470
02480
02490
02500
02510
02520
02540
02550
02570
02580
02590
02600
02610
02620
02630
02640
02650
02670
02680
02690
02700
02720
02760
02790
02800
02810
02820
02830
02840
02850
02860
02870
02880
03000
03100
03110
03120
03130
03140
03150
03160
03170
03190
03200
03210
03220
03230
03240
03250
03260
03270
03290
03300
03310
03320
03330
03340
03350
03360
03370
03380
03390
03400
03410
03420
03430
03440
03450
03460
03470
03500
03510
03600
03630
03700
03800
04000
04100
04110
04120
04130
04140
04150
04160
04170
04180
04190
04200
04210
04220
04230
04240
04250
04260
04270
04280
04290
04300
04310
04320
04330
04340
04350
04360
04370
04380
04400
04410
04420
04500
04510
04530
04600
04660
04700
04800
04850
04860
04870
05000
05100
05110
05120
05130
05140
05150
05160
05170
05190
05200
05220
05230
05240
05250
05260
05290
05300
05310
05320
05330
05340
05350
05380
05400
05460
05470
05480
05500
05560
05600
05700
05800
06000
06100
06110
06130
06140
06150
06160
06190
06200
06210
06220
06230
06240
06250
06260
06270
06300
06310
06320
06330
06340
06360
06370
06380
06390
06400
06410
06420
06430
06440
06450
06460
06470
06480
06500
06510
06520
06530
06540
06550
06560
06570
06580
06590
06600
06610
06620
06640
06650
06660
06670
06690
06700
06710
06730
06740
06750
06790
06800
06810
06830
06850
06910
06950
07000
07100
07110
07120
07130
07140
07150
07160
07170
07190
07200
07210
07220
07230
07240
07250
07260
07270
07290
07300
07310
07320
07330
07340
07350
07360
07370
07380
07400
07410
07430
07440
07450
07460
07470
07500
07510
07520
07530
07560
07570
07580
07590
07600
07610
07630
07660
07690
07700
07790
07800
08000
08090
08110
08120
08130
08140
08150
08160
08170
08190
08200
08210
08220
08230
08240
08250
08260
08270
08290
08300
08310
08320
08330
08350
08360
08370
08380
08390
08400
08410
08430
08440
08450
08460
08500
08600
08700
08800
09000
09100
09110
09120
09130
09140
09160
09190
09200
09210
09220
09230
09240
09250
09270
09290
09300
09310
09320
09330
09340
09350
09390
09400
09420
09460
09500
09600
09700
09800
10000
10100
10110
10120
10130
10140
10150
10160
10170
10180
10190
10200
10210
10220
10230
10240
10250
10260
10270
10280
10290
10300
10310
10320
10330
10340
10350
10360
10370
10380
10390
10400
10410
10420
10430
10440
10450
10500
10510
10600
10700
10800
11000
11100
11110
11120
11130
11140
11150
11160
11170
11190
11200
11210
11220
11230
11240
11250
11260
11270
11290
11300
11310
11320
11330
11340
11350
11360
11370
11380
11390
11400
11410
11420
11430
11440
11480
11490
11500
11510
11540
11560
11570
11580
11590
11600
11610
11620
11700
11800
12000
12100
12110
12120
12130
12140
12150
12160
12170
12190
12200
12210
12220
12230
12240
12250
12260
12270
12290
12300
12310
12320
12330
12340
12350
12360
12370
12380
12390
12400
12410
12420
12430
12440
12450
12460
12470
12480
12490
12500
12510
12520
12540
12550
12560
12580
12600
12620
12630
12640
12700
12720
12740
12780
12800
12850
13001
13002
13003
13004
13005
13006
13007
13008
13009
13010
13011
13012
13013
13014
13015
13016
13080
13090
13100
13103
13104
13105
13109
13110
13111
13112
13113
13114
13115
13116
13117
13118
13119
13120
13121
13122
13123
13124
13126
13127
13129
13130
13140
13150
13160
13170
13180
13190
13200
13210
13220
13230
13240
13250
13260
13270
13280
13290
13300
13310
13320
13330
13340
13350
13360
13370
13380
13390
13400
13410
13420
13430
13440
13450
13460
13470
13480
13490
13500
13510
13520
13530
13540
13550
13560
13570
13580
13590
13600
13610
13620
13630
13640
13650
13660
13670
13680
13690
13700
13710
13720
13730
13740
13750
13760
13770
13780
13790
13800
13810
13820
13821
13830
13840
13850
13860
13870
13880
13890
13910
13920
13930
13940
13950
13960
13980
13990
14000
14100
14110
14111
14112
14113
14114
14117
14120
14121
14123
14130
14140
14150
14160
14170
14190
14200
14210
14220
14230
14240
14250
14260
14270
14280
14290
14310
14320
14330
14340
14350
14360
14370
14380
14390
14400
14410
14420
14430
14440
14450
14460
14470
14480
14490
14500
14510
14520
14530
14540
14550
14570
14590
14600
14610
14620
14630
14640
14650
14670
14680
14690
14700
14710
14730
14740
14750
14760
14770
14780
14790
14800
14810
14830
14840
14850
14860
14880
14910
14920
14930
14940
14950
14960
14970
14980
14990
15000
15100
15110
15120
15130
15140
15150
15160
15170
15190
15200
15210
15220
15230
15240
15250
15260
15270
15290
15300
15310
15320
15340
15350
15380
15400
15430
15500
15590
15600
15700
15800
16000
16100
16110
16120
16130
16140
16150
16160
16170
16190
16200
16210
16220
16230
16240
16250
16260
16270
16290
16300
16310
16320
16330
16340
16350
16360
16370
16380
16390
16400
16410
16420
16430
16440
16450
16460
16470
16480
16490
16500
16510
16560
16570
16590
16600
16620
16700
16710
16720
16730
16800
17000
17100
17110
17111
17113
17120
17123
17130
17132
17137
17138
17139
17140
17150
17160
17170
17180
17190
17200
17210
17220
17230
17240
17250
17260
17270
17290
17300
17310
17320
17330
17340
17350
17360
17370
17380
17390
17400
17410
17420
17430
17440
17450
17460
17470
17480
17490
17500
17510
17520
17530
17540
17550
17560
17570
17580
17590
17600
17610
17620
17630
17640
17650
17670
17690
17700
17730
17740
17750
17770
17780
17800
17810
17840
17870
17880
17890
17920
17940
18000
18100
18110
18120
18130
18140
18150
18160
18170
18190
18200
18210
18220
18230
18240
18250
18260
18270
18290
18300
18310
18320
18330
18340
18350
18360
18370
18380
18390
18400
18410
18500
18510
18520
18570
18600
18700
18800
19000
19100
19110
19120
19130
19140
19150
19160
