19170
19190
19200
19210
19220
19230
19240
19250
19260
19270
19290
19300
19310
19320
19330
19340
19350
19360
19370
19380
19390
19400
19410
19430
19450
19460
19470
19490
19500
19510
19520
19550
19560
19600
19700
19800
20000
20090
20100
20110
20111
20112
20113
20114
20115
20116
20117
20118
20119
20121
20122
20123
20124
20125
20126
20127
20128
20129
20130
20131
20132
20133
20134
20135
20136
20137
20138
20139
20140
20141
20142
20143
20144
20145
20146
20147
20148
20150
20151
20152
20153
20157
20160
20163
20164
20165
20166
20167
20168
20169
20170
20171
20172
20173
20190
20200
20212
20213
20214
20215
20217
20218
20219
20220
20221
20222
20224
20225
20226
20227
20228
20229
20230
20231
20232
20233
20234
20235
20236
20237
20238
20239
20240
20242
20243
20244
20245
20246
20247
20248
20250
20251
20252
20253
20256
20259
20260
20270
20272
20275
20276
20279
20287
20290
20600
20620
21000
21110
21120
21121
21130
21140
21150
21160
21170
21190
21200
21210
21220
21230
21240
21250
21260
21270
21290
21300
21310
21320
21330
21340
21350
21360
21370
21380
21390
21400
21410
21420
21430
21440
21450
21460
21470
21490
21500
21510
21520
21530
21540
21550
21560
21570
21580
21590
21600
21610
21630
21640
21690
21700
21760
21800
21820
21850
21910
22000
22100
22110
22120
22130
22140
22150
22160
22170
22190
22200
22210
22220
22230
22240
22250
22260
22270
22290
22300
22310
22320
22330
22340
22350
22360
22370
22380
22390
22400
22410
22420
22430
22440
22450
22460
22470
22480
22490
22500
22510
22520
22530
22540
22550
22560
22570
22580
22590
22600
22610
22620
22630
22640
22650
22660
22680
22690
22700
22710
22720
22730
22740
22750
22770
22780
22800
22810
22820
22830
22860
22870
22930
22940
22950
22960
22970
22980
23000
23100
23110
23120
23130
23140
23150
23160
23170
23190
23200
23210
23220
23230
23240
23250
23260
23270
23290
23300
23320
23340
23350
23360
23380
23400
23420
23430
23450
23460
23480
23500
23600
23700
23800
24000
24100
24110
24120
24130
24140
24150
24160
24170
24190
24200
24210
24220
24230
24240
24250
24260
24270
24290
24300
24310
24320
24330
24340
24350
24360
24370
24380
24390
24400
24410
24420
24430
24440
24450
24460
24470
24480
24490
24500
24510
24520
24530
24540
24550
24560
24570
24580
24590
24600
24610
24620
24630
24640
24650
24660
24680
24700
24750
24800
25000
25110
25111
25113
25115
25120
25130
25140
25150
25160
25170
25190
25200
25210
25220
25230
25240
25250
25260
25270
25290
25300
25310
25320
25330
25340
25350
25360
25370
25380
25390
25400
25410
25420
25430
25440
25450
25460
25470
25480
25490
25500
25510
25520
25530
25550
25560
25570
25580
25600
25610
25620
25630
25640
25650
25660
25680
25690
25700
25720
25750
25770
25790
25800
25820
25840
25870
25920
25930
25960
26000
26100
26110
26120
26130
26140
26150
26160
26170
26190
26200
26210
26220
26230
26240
26250
26260
26270
26290
26300
26310
26320
26330
26340
26350
26380
26390
26400
26410
26420
26450
26460
26470
26500
26510
26530
26540
26560
26570
26600
26620
26700
26730
26740
26750
26760
26770
26780
26790
26800
27000
27100
27110
27120
27130
27140
27150
27160
27170
27180
27190
27200
27210
27220
27230
27240
27250
27260
27270
27290
27300
27310
27320
27330
27340
27350
27360
27370
27380
27390
27400
27410
27420
27430
27440
27450
27460
27470
27480
27490
27500
27510
27520
27530
27540
27550
27560
27570
27580
27590
27600
27610
27620
27630
27640
27650
27660
27670
27680
27690
27700
27710
27720
27730
27740
27750
27760
27770
27780
27790
27800
27810
27820
27830
27850
27860
27870
27890
27910
27920
27930
27940
27950
28000
28100
28110
28120
28130
28140
28150
28160
28170
28190
28200
28210
28220
28230
28240
28250
28260
28270
28290
28300
28310
28320
28330
28340
28350
28360
28380
28400
28410
28480
28500
28600
28630
28700
28800
29000
29100
29120
29140
29150
29160
29170
29180
29190
29200
29217
29233
29241
29242
29246
29250
29252
29253
29259
29260
29270
29280
29290
29300
29310
29340
29350
29360
29370
29380
29390
29400
29410
29420
29430
29440
29450
29460
29470
29480
29490
29500
29510
29520
29530
29540
29550
29560
29570
29590
29600
29610
29620
29630
29640
29650
29660
29670
29680
29690
29700
29710
29720
29730
29740
29750
29760
29770
29780
29790
29800
29810
29820
29830
29840
29850
29860
29870
29880
29890
29900
29910
29920
29930
29940
29950
29970
29980
29990
30000
30100
30110
30111
30114
30120
30121
30122
30124
30125
30126
30127
30128
30129
30130
30131
30132
30133
30140
30150
30160
30170
30190
30200
30210
30220
30230
30240
30250
30260
30270
30290
30300
30310
30320
30330
30340
30350
30360
30380
30390
30400
30410
30420
30430
30440
30450
30460
30470
30480
30490
30500
30510
30520
30530
30540
30560
30570
30580
30600
30610
30620
30630
30640
30650
30660
30670
30700
30720
30730
30740
30750
30760
30770
30800
30820
30840
30870
30900
30920
30940
30960
30980
31000
31100
31110
31120
31130
31140
31150
31160
31170
31180
31190
31200
31210
31220
31230
31240
31250
31260
31270
31280
31290
31300
31310
31320
31330
31340
31350
31360
31370
31380
31390
31400
31410
31420
31430
31440
31450
31460
31470
31480
31490
31500
31510
31520
31530
31540
31550
31560
31570
31580
31590
31600
31620
31650
31660
31670
31700
31750
31770
31780
31790
31800
31810
31820
31830
31840
31850
31860
31870
31880
32000
32100
32110
32120
32130
32140
32150
32160
32170
32190
32200
32220
32230
32240
32250
32260
32270
32290
32300
32310
32320
32330
32340
32350
32360
32370
32380
32390
32400
32410
32420
32430
32440
32450
32460
32480
32490
32500
32550
32600
32700
32720
32730
32800
32810
33000
33100
33110
33112
33113
33114
33115
33120
33121
33123
33124
33125
33126
33127
33130
33133
33138
33140
33141
33150
33160
33170
33180
33185
33190
33200
33210
33220
33230
33240
33250
33260
33270
33290
33300
33310
33320
33330
33340
33350
33360
33370
33380
33390
33400
33410
33420
33430
33440
33450
33460
33470
33480
33490
33500
33510
33520
33530
33540
33550
33560
33570
33580
33590
33600
33610
33620
33640
33650
33660
33670
33680
33690
33700
33710
33720
33730
33740
33750
33760
33770
33780
33790
33800
33810
33820
33830
33840
33850
33860
33870
33880
33890
33910
33920
33930
33950
