95340
95350
95360
95370
95380
95390
95400
95410
95420
95430
95440
95450
95460
95470
95480
95490
95500
95510
95520
95530
95540
95550
95560
95570
95580
95590
95600
95610
95620
95630
95640
95650
95660
95670
95680
95690
95700
95710
95720
95740
95750
95760
95770
95780
95800
95810
95820
95830
95840
95850
95870
95880
97100
97110
97111
97112
97113
97114
97115
97116
97117
97118
97119
97120
97121
97122
97123
97125
97126
97127
97128
97129
97130
97131
97133
97134
97136
97137
97139
97140
97141
97142
97150
97160
97170
97180
97190
97200
97211
97212
97213
97214
97215
97216
97217
97218
97220
97221
97222
97223
97224
97225
97226
97227
97228
97229
97230
97231
97232
97233
97234
97240
97250
97260
97270
97280
97290
97300
97310
97311
97312
97313
97314
97315
97316
97317
97318
97319
97320
97330
97340
97350
97351
97352
97353
97354
97355
97356
97360
97370
97380
97390
97400
97410
97411
97412
97413
97414
97416
97417
97418
97419
97420
97421
97422
97423
97424
97425
97426
97427
97429
97430
97431
97432
97433
97434
97435
97436
97437
97438
97439
97440
97441
97442
97450
97460
97470
97480
97490
97500
97600
97605
97615
97620
97625
97630
97640
97650
97660
97670
97680
98000
98600
98610
98620
98701
98703
98704
98705
98706
98707
98708
98709
98710
98711
98712
98714
98716
98718
98719
98720
98721
98722
98723
98724
98725
98726
98727
98728
98729
98730
98731
98732
98733
98734
98735
98740
98741
98742
98743
98744
98745
98746
98747
98748
98749
98750
98751
98752
98753
98754
98755
98760
98761
98762
98763
98764
98765
98766
98767
98768
98769
98770
98771
98772
98773
98774
98775
98776
98777
98778
98779
98780
98781
98782
98783
98784
98785
98786
98787
98788
98789
98790
98792
98793
98794
98795
98796
98799
98800
98809
98810
98811
98812
98813
98814
98815
98816
98817
98818
98819
98820
98821
98822
98823
98824
98825
98826
98827
98828
98829
98830
98831
98832
98833
98834
98835
98836
98837
98838
98839
98840
98850
98859
98860
98870
98874
98875
98876
98877
98878
98880
98881
98882
98883
98884
98885
98889
98890
